7 143 40 147 150 178 185 193 18 110 
12 66 125 167 9 30 37 54 
43 79 86 100 128 69 78 91 98 106 149 
14 38 46 139 177 183 191 192 5 71 188 58 
104 117 151 159 53 74 84 176 
59 77 118 146 187 10 34 72 137 180 
107 28 50 92 123 21 94 153 164 61 126 
63 152 130 23 31 195 48 82 101 
115 129 166 24 76 19 68 83 89 190 
20 75 90 16 97 111 114 120 156 113 
49 65 105 116 127 170 175 26 96 108 70 174 135 
119 67 161 93 109 163 44 124 168 15 56 2 99 
33 81 169 184 0 13 62 141 4 140 
158 144 42 154 145 160 85 27 88 
41 102 148 199 138 8 35 172 
189 196 171 122 6 73 198 47 155 51 60 
186 39 32 121 29 132 131 142 162 197 17 
165 194 1 133 134 57 95 112 
25 173 103 3 64 136 80 22 
45 55 181 182 179 11 52 87 
