92 183 335 418 465 497 627 848 978 
117 169 327 
402 724 931 
5 141 201 
211 326 596 
22 585 
459 653 657 
121 178 
166 345 652 
257 473 709 738 800 918 
17 612 614 795 810 859 
50 
64 466 618 
135 237 823 
62 75 214 
28 60 290 
87 372 690 
12 249 352 754 
36 250 
255 
175 486 538 
123 232 252 405 
548 740 766 
18 168 472 1056 
109 174 
210 270 664 944 
687 994 1080 
172 706 913 
27 215 494 1020 
66 143 151 
299 422 512 
339 515 719 921 
19 86 762 
353 560 573 
96 134 240 
793 797 855 920 
70 88 234 304 
42 56 159 
20 124 315 
261 378 
33 557 735 
112 150 668 
8 277 443 591 680 682 743 911 966 
532 732 
584 607 809 
108 184 784 
230 318 349 369 503 574 807 888 894 1016 1021 1040 
105 187 431 471 
114 394 407 820 
176 514 1057 
191 351 
225 487 
116 291 328 449 
125 221 728 
9 322 396 535 837 
258 308 
430 565 
239 359 483 
476 747 874 
52 504 799 
406 408 412 646 
220 381 756 
247 547 
425 753 
297 672 
896 
144 253 
91 1000 
300 400 
98 209 938 
137 188 284 332 
0 180 202 463 
13 44 480 716 785 828 
244 543 
167 424 592 
16 48 61 
47 213 
650 674 
415 1012 
383 452 
69 347 577 579 
130 397 
205 599 872 988 
267 444 587 742 
153 363 730 
110 323 414 521 760 844 
193 558 749 
39 789 
446 464 608 
216 563 594 
342 392 619 
423 737 1068 
288 330 734 
294 489 917 
223 958 
149 665 778 
32 528 610 696 
46 160 358 508 
79 94 287 517 
102 338 344 
285 364 
139 145 410 
182 939 1063 
631 790 895 
129 447 533 
321 448 667 
111 562 
611 767 884 1027 
68 324 571 600 
97 343 683 806 
26 35 663 813 
31 206 
136 526 551 721 772 
14 360 723 
58 616 640 
661 676 
163 317 609 
293 433 900 964 990 
702 821 
688 932 1004 1095 
254 553 559 576 910 
181 545 693 739 863 
355 432 530 542 647 
541 776 814 1070 
263 788 
127 411 
15 957 1003 
498 729 1030 1034 
450 501 527 555 
54 272 434 
78 189 567 936 954 
841 1031 
281 
385 782 812 
119 356 399 505 539 708 794 832 
82 403 529 626 684 816 
93 204 368 
331 395 496 583 634 781 1005 1076 
439 493 649 
972 996 
280 689 761 849 952 
120 615 
21 72 733 746 
357 845 
10 24 930 933 
74 286 673 
53 245 256 
147 264 
6 49 113 268 445 
420 
879 984 1043 
77 366 492 
243 671 1067 947 
233 282 468 603 
871 880 885 
523 822 836 
25 506 875 
511 945 1018 
390 704 714 
128 132 154 
152 637 
376 387 1081 
194 276 
384 502 641 786 889 
122 274 469 598 
697 1028 1035 

266 269 336 341 
84 636 700 831 955 
710 713 857 916 
81 238 
55 669 969 
104 303 348 437 552 980 
38 235 
963 1017 
67 229 319 621 
30 83 398 518 
29 382 513 
90 198 273 520 898 
224 549 
207 312 691 
148 217 1059 
162 453 868 
71 413 
507 876 902 
40 262 340 861 886 
707 890 901 
377 379 625 787 903 907 1072 1073 
200 374 436 564 771 
45 51 212 246 456 509 
461 654 951 1049 
279 301 370 441 588 662 854 873 914 1065 
157 334 419 536 838 
4 115 260 428 481 569 818 1029 
236 365 525 550 755 805 835 1051 1078 
173 499 
544 866 999 
89 811 1032 
23 170 633 948 
192 311 475 534 
199 429 
101 190 
99 156 289 367 
283 426 648 748 815 
146 307 860 867 976 1066 
155 808 909 1054 1064 
278 595 
41 656 1082 
670 758 942 
362 992 1042 
271 438 440 578 
531 613 924 960 1084 1088 
454 568 582 651 881 1094 
118 912 970 
458 644 834 
203 320 
1037 
226 593 819 865 1009 1010 1044 1091 
227 350 870 
877 1013 
389 604 638 941 987 1002 1058 
500 660 
401 628 1046 
57 85 482 632 769 833 851 
393 490 522 791 
337 983 
228 620 759 1026 1096 
138 856 935 1039 1048 
241 265 780 965 1041 1074 
435 484 827 
2 43 774 927 975 1050 
3 375 1033 1092 1093 
186 316 333 597 643 679 934 985 1006 
164 602 629 
1015 1075 1089 
195 421 645 783 825 989 1060 1071 
404 417 882 1011 
605 770 906 
937 
305 537 561 703 796 852 878 
161 275 792 1077 
179 251 1090 
126 298 313 386 391 839 997 998 
442 694 715 
711 
701 991 
462 904 995 
678 943 949 971 
686 826 961 
427 460 479 556 750 763 804 864 973 
242 570 
630 745 779 926 
775 887 
751 1099 
208 325 373 451 718 
11 346 
635 905 
1 478 580 892 946 
231 554 803 
310 899 1083 
380 467 623 744 
80 639 915 
1097 
928 967 1022 1053 
765 768 1052 
131 133 919 1007 
993 
519 950 982 1036 
516 695 698 923 
977 986 
586 677 726 

142 485 566 725 830 883 929 974 1045 
477 488 736 956 
409 798 1008 
675 717 741 752 
259 457 843 853 
218 361 757 925 981 
622 
295 470 681 685 764 
222 296 572 869 1001 
165 510 979 
219 540 655 659 699 840 891 959 1061 1079 
107 171 
302 309 491 642 658 
100 306 524 847 
37 76 624 1023 1024 
416 589 606 
177 824 1062 
63 95 455 801 846 1098 
158 731 962 
196 601 773 893 
842 858 908 
103 292 
590 705 
7 140 354 
106 314 
59 329 777 802 862 1055 
722 1069 
727 1047 1086 
371 388 617 666 817 
495 581 850 
73 829 1038 

65 248 940 
185 
34 197 968 1087 
575 692 953 1014 1025 1085 
546 712 897 922 1019 
474 720 
