7 40 80 85 110 141 143 147 150 176 185 
9 11 12 17 35 37 52 103 
18 32 36 43 54 57 79 82 86 149 
14 22 38 45 46 71 109 139 142 
53 104 117 120 129 145 158 
6 10 27 34 59 72 77 99 118 127 146 148 
21 28 50 61 107 123 126 151 153 157 175 182 
31 63 69 130 137 159 167 179 180 184 
24 68 76 78 83 89 94 98 
3 16 20 55 66 75 90 97 111 113 114 
5 49 60 65 70 96 105 108 
23 64 67 119 161 163 168 181 186 192 
0 4 8 13 33 81 84 100 112 193 
30 42 44 87 92 93 128 144 197 
41 88 102 106 115 125 135 140 188 
19 47 56 91 122 155 171 172 177 183 
15 26 29 39 48 74 131 138 169 194 
1 2 73 95 132 133 134 152 156 165 
25 58 62 121 124 162 166 170 187 
51 101 116 136 154 160 164 173 174 178 
